q
6.0 19.0 217.0 166.0 218.0 189.0 167.0 160.0 366.0 509.0 128.0 442.0 3.0 198.0 164.0 466.0 223.0 7.0 620.0 158.0 537.0 232.0 316.0 305.0 
l
0.0 0.0 0.0 0.0 0.0 0.0 0.0 0.0 0.0 0.0 0.0 0.0 0.0 5.0 0.0 0.0 0.0 0.0 0.0 0.0 0.0 0.0 0.0 0.0 
0.0 0.0 0.0 9.0 0.0 9.0 0.0 0.0 0.0 0.0 0.0 0.0 0.0 0.0 0.0 0.0 0.0 0.0 0.0 0.0 0.0 0.0 0.0 0.0 
0.0 0.0 0.0 0.0 0.0 0.0 0.0 0.0 0.0 37.0 0.0 0.0 0.0 0.0 16.0 64.0 0.0 0.0 88.0 0.0 0.0 0.0 0.0 0.0 
0.0 9.0 0.0 0.0 0.0 27.0 0.0 0.0 0.0 0.0 0.0 73.0 0.0 23.0 0.0 0.0 27.0 1.0 0.0 0.0 0.0 0.0 0.0 0.0 
0.0 0.0 0.0 0.0 0.0 0.0 0.0 26.0 0.0 66.0 17.0 0.0 1.0 0.0 0.0 66.0 0.0 0.0 0.0 26.0 0.0 0.0 0.0 0.0 
0.0 9.0 0.0 27.0 0.0 0.0 0.0 0.0 0.0 0.0 0.0 0.0 0.0 23.0 0.0 0.0 40.0 0.0 0.0 0.0 0.0 0.0 0.0 81.0 
0.0 0.0 0.0 0.0 0.0 0.0 0.0 27.0 52.0 66.0 16.0 0.0 0.0 0.0 0.0 0.0 0.0 0.0 0.0 0.0 0.0 0.0 0.0 0.0 
0.0 0.0 0.0 0.0 26.0 0.0 27.0 0.0 0.0 78.0 17.0 0.0 1.0 0.0 0.0 0.0 0.0 0.0 0.0 0.0 0.0 0.0 0.0 0.0 
0.0 0.0 0.0 0.0 0.0 0.0 52.0 0.0 0.0 0.0 58.0 0.0 0.0 0.0 0.0 58.0 0.0 0.0 0.0 39.0 139.0 0.0 0.0 0.0 
0.0 0.0 37.0 0.0 66.0 0.0 66.0 78.0 0.0 0.0 0.0 0.0 0.0 0.0 0.0 0.0 0.0 0.0 140.0 0.0 101.0 0.0 0.0 0.0 
0.0 0.0 0.0 0.0 17.0 0.0 16.0 17.0 58.0 0.0 0.0 0.0 1.0 0.0 0.0 0.0 0.0 0.0 0.0 9.0 0.0 0.0 0.0 0.0 
0.0 0.0 0.0 73.0 0.0 0.0 0.0 0.0 0.0 0.0 0.0 0.0 0.0 69.0 0.0 0.0 43.0 3.0 91.0 0.0 146.0 0.0 0.0 0.0 
0.0 0.0 0.0 0.0 1.0 0.0 0.0 1.0 0.0 0.0 1.0 0.0 0.0 0.0 0.0 0.0 0.0 0.0 0.0 0.0 0.0 0.0 0.0 0.0 
5.0 0.0 0.0 23.0 0.0 23.0 0.0 0.0 0.0 0.0 0.0 69.0 0.0 0.0 0.0 0.0 0.0 2.0 0.0 0.0 0.0 63.0 0.0 0.0 
0.0 0.0 16.0 0.0 0.0 0.0 0.0 0.0 0.0 0.0 0.0 0.0 0.0 0.0 0.0 66.0 0.0 0.0 76.0 0.0 0.0 0.0 0.0 0.0 
0.0 0.0 64.0 0.0 66.0 0.0 0.0 0.0 58.0 0.0 0.0 0.0 0.0 0.0 66.0 0.0 0.0 0.0 0.0 73.0 0.0 0.0 114.0 0.0 
0.0 0.0 0.0 27.0 0.0 40.0 0.0 0.0 0.0 0.0 0.0 43.0 0.0 0.0 0.0 0.0 0.0 0.0 105.0 0.0 0.0 0.0 0.0 0.0 
0.0 0.0 0.0 1.0 0.0 0.0 0.0 0.0 0.0 0.0 0.0 3.0 0.0 2.0 0.0 0.0 0.0 0.0 0.0 0.0 0.0 0.0 0.0 0.0 
0.0 0.0 88.0 0.0 0.0 0.0 0.0 0.0 0.0 140.0 0.0 91.0 0.0 0.0 76.0 0.0 105.0 0.0 0.0 0.0 0.0 0.0 0.0 98.0 
0.0 0.0 0.0 0.0 26.0 0.0 0.0 0.0 39.0 0.0 9.0 0.0 0.0 0.0 0.0 73.0 0.0 0.0 0.0 0.0 0.0 0.0 0.0 0.0 
0.0 0.0 0.0 0.0 0.0 0.0 0.0 0.0 139.0 101.0 0.0 146.0 0.0 0.0 0.0 0.0 0.0 0.0 0.0 0.0 0.0 66.0 62.0 0.0 
0.0 0.0 0.0 0.0 0.0 0.0 0.0 0.0 0.0 0.0 0.0 0.0 0.0 63.0 0.0 0.0 0.0 0.0 0.0 0.0 66.0 0.0 52.0 37.0 
0.0 0.0 0.0 0.0 0.0 0.0 0.0 0.0 0.0 0.0 0.0 0.0 0.0 0.0 0.0 114.0 0.0 0.0 0.0 0.0 62.0 52.0 0.0 76.0 
0.0 0.0 0.0 0.0 0.0 81.0 0.0 0.0 0.0 0.0 0.0 0.0 0.0 0.0 0.0 0.0 0.0 0.0 98.0 0.0 0.0 37.0 76.0 0.0 
