q
36.0 178.0 308.0 283.0 415.0 311.0 893.0 67.0 320.0 534.0 285.0 362.0 268.0 458.0 86.0 422.0 146.0 261.0 228.0 1.0 964.0 456.0 580.0 808.0 
l
0.0 0.0 0.0 0.0 0.0 0.0 0.0 0.0 0.0 0.0 0.0 0.0 0.0 11.0 2.0 0.0 5.0 0.0 0.0 0.0 0.0 18.0 0.0 0.0 
0.0 0.0 0.0 0.0 0.0 0.0 0.0 0.0 0.0 56.0 27.0 27.0 0.0 0.0 0.0 0.0 0.0 0.0 0.0 0.0 0.0 0.0 0.0 64.0 
0.0 0.0 0.0 0.0 0.0 60.0 0.0 0.0 0.0 0.0 0.0 0.0 0.0 0.0 0.0 78.0 0.0 0.0 0.0 0.0 154.0 0.0 0.0 0.0 
0.0 0.0 0.0 0.0 0.0 0.0 0.0 0.0 0.0 0.0 68.0 0.0 0.0 86.0 0.0 0.0 20.0 0.0 0.0 0.0 0.0 0.0 98.0 0.0 
0.0 0.0 0.0 0.0 0.0 40.0 137.0 11.0 82.0 0.0 0.0 0.0 0.0 0.0 0.0 74.0 0.0 0.0 53.0 0.0 0.0 0.0 0.0 0.0 
0.0 0.0 60.0 0.0 40.0 0.0 121.0 11.0 0.0 0.0 0.0 0.0 0.0 0.0 0.0 58.0 0.0 0.0 0.0 0.0 0.0 0.0 0.0 0.0 
0.0 0.0 0.0 0.0 137.0 121.0 0.0 39.0 0.0 0.0 0.0 0.0 0.0 0.0 0.0 0.0 0.0 136.0 0.0 0.0 204.0 0.0 0.0 201.0 
0.0 0.0 0.0 0.0 11.0 11.0 39.0 0.0 0.0 0.0 0.0 0.0 0.0 0.0 0.0 0.0 0.0 0.0 0.0 0.0 0.0 0.0 0.0 0.0 
0.0 0.0 0.0 0.0 82.0 0.0 0.0 0.0 0.0 0.0 0.0 0.0 0.0 0.0 0.0 67.0 0.0 0.0 39.0 0.0 0.0 0.0 122.0 0.0 
0.0 56.0 0.0 0.0 0.0 0.0 0.0 0.0 0.0 0.0 77.0 76.0 57.0 93.0 0.0 0.0 0.0 0.0 0.0 0.0 161.0 0.0 0.0 0.0 
0.0 27.0 0.0 68.0 0.0 0.0 0.0 0.0 0.0 77.0 0.0 0.0 0.0 0.0 0.0 0.0 0.0 0.0 0.0 0.0 0.0 0.0 0.0 102.0 
0.0 27.0 0.0 0.0 0.0 0.0 0.0 0.0 0.0 76.0 0.0 0.0 52.0 0.0 0.0 0.0 0.0 74.0 0.0 0.0 0.0 0.0 0.0 120.0 
0.0 0.0 0.0 0.0 0.0 0.0 0.0 0.0 0.0 57.0 0.0 52.0 0.0 0.0 0.0 0.0 0.0 42.0 0.0 0.0 106.0 0.0 0.0 0.0 
11.0 0.0 0.0 86.0 0.0 0.0 0.0 0.0 0.0 93.0 0.0 0.0 0.0 0.0 39.0 0.0 57.0 0.0 0.0 0.0 146.0 0.0 0.0 0.0 
2.0 0.0 0.0 0.0 0.0 0.0 0.0 0.0 0.0 0.0 0.0 0.0 0.0 39.0 0.0 0.0 0.0 0.0 0.0 0.0 0.0 37.0 0.0 0.0 
0.0 0.0 78.0 0.0 74.0 58.0 0.0 0.0 67.0 0.0 0.0 0.0 0.0 0.0 0.0 0.0 0.0 0.0 0.0 0.0 0.0 118.0 0.0 0.0 
5.0 0.0 0.0 20.0 0.0 0.0 0.0 0.0 0.0 0.0 0.0 0.0 0.0 57.0 0.0 0.0 0.0 0.0 0.0 0.0 0.0 0.0 57.0 0.0 
0.0 0.0 0.0 0.0 0.0 0.0 136.0 0.0 0.0 0.0 0.0 74.0 42.0 0.0 0.0 0.0 0.0 0.0 0.0 0.0 0.0 0.0 0.0 0.0 
0.0 0.0 0.0 0.0 53.0 0.0 0.0 0.0 39.0 0.0 0.0 0.0 0.0 0.0 0.0 0.0 0.0 0.0 0.0 0.0 0.0 0.0 0.0 119.0 
0.0 0.0 0.0 0.0 0.0 0.0 0.0 0.0 0.0 0.0 0.0 0.0 0.0 0.0 0.0 0.0 0.0 0.0 0.0 0.0 0.0 1.0 0.0 0.0 
0.0 0.0 154.0 0.0 0.0 0.0 204.0 0.0 0.0 161.0 0.0 0.0 106.0 146.0 0.0 0.0 0.0 0.0 0.0 0.0 0.0 139.0 0.0 0.0 
18.0 0.0 0.0 0.0 0.0 0.0 0.0 0.0 0.0 0.0 0.0 0.0 0.0 0.0 37.0 118.0 0.0 0.0 0.0 1.0 139.0 0.0 111.0 0.0 
0.0 0.0 0.0 98.0 0.0 0.0 0.0 0.0 122.0 0.0 0.0 0.0 0.0 0.0 0.0 0.0 57.0 0.0 0.0 0.0 0.0 111.0 0.0 160.0 
0.0 64.0 0.0 0.0 0.0 0.0 201.0 0.0 0.0 0.0 102.0 120.0 0.0 0.0 0.0 0.0 0.0 0.0 119.0 0.0 0.0 0.0 160.0 0.0 
