q
2.0 4.0 685.0 431.0 33.0 1.0 289.0 516.0 314.0 333.0 1334.0 717.0 320.0 610.0 352.0 364.0 302.0 374.0 271.0 406.0 1071.0 643.0 1255.0 1061.0 
l
0.0 0.0 0.0 0.0 0.0 0.0 0.0 1.0 0.0 0.0 0.0 0.0 0.0 0.0 0.0 0.0 0.0 0.0 0.0 0.0 1.0 0.0 0.0 0.0 
0.0 0.0 0.0 0.0 0.0 0.0 0.0 0.0 0.0 0.0 0.0 0.0 0.0 1.0 0.0 0.0 0.0 0.0 0.0 0.0 0.0 0.0 0.0 3.0 
0.0 0.0 0.0 0.0 0.0 0.0 50.0 112.0 80.0 0.0 0.0 0.0 0.0 0.0 0.0 105.0 0.0 83.0 0.0 0.0 0.0 0.0 218.0 0.0 
0.0 0.0 0.0 0.0 4.0 1.0 0.0 0.0 0.0 55.0 0.0 113.0 0.0 0.0 0.0 0.0 0.0 0.0 47.0 0.0 0.0 176.0 0.0 0.0 
0.0 0.0 0.0 4.0 0.0 0.0 0.0 0.0 0.0 0.0 0.0 0.0 0.0 0.0 0.0 0.0 0.0 0.0 9.0 0.0 0.0 19.0 0.0 0.0 
0.0 0.0 0.0 1.0 0.0 0.0 0.0 0.0 0.0 0.0 0.0 0.0 0.0 0.0 0.0 0.0 0.0 0.0 0.0 0.0 0.0 0.0 0.0 0.0 
0.0 0.0 50.0 0.0 0.0 0.0 0.0 0.0 0.0 0.0 0.0 0.0 0.0 0.0 0.0 0.0 0.0 67.0 0.0 0.0 0.0 0.0 152.0 0.0 
1.0 0.0 112.0 0.0 0.0 0.0 0.0 0.0 47.0 0.0 0.0 0.0 0.0 0.0 0.0 64.0 91.0 0.0 0.0 0.0 176.0 0.0 0.0 0.0 
0.0 0.0 80.0 0.0 0.0 0.0 0.0 47.0 0.0 0.0 0.0 0.0 0.0 0.0 0.0 0.0 0.0 35.0 0.0 0.0 134.0 0.0 0.0 0.0 
0.0 0.0 0.0 55.0 0.0 0.0 0.0 0.0 0.0 0.0 134.0 89.0 0.0 0.0 0.0 0.0 0.0 0.0 34.0 0.0 0.0 0.0 0.0 0.0 
0.0 0.0 0.0 0.0 0.0 0.0 0.0 0.0 0.0 134.0 0.0 165.0 0.0 0.0 0.0 0.0 0.0 0.0 163.0 153.0 349.0 0.0 0.0 287.0 
0.0 0.0 0.0 113.0 0.0 0.0 0.0 0.0 0.0 89.0 165.0 0.0 110.0 131.0 0.0 0.0 0.0 0.0 0.0 74.0 0.0 0.0 0.0 0.0 
0.0 0.0 0.0 0.0 0.0 0.0 0.0 0.0 0.0 0.0 0.0 110.0 0.0 45.0 0.0 0.0 0.0 0.0 0.0 0.0 0.0 0.0 153.0 0.0 
0.0 1.0 0.0 0.0 0.0 0.0 0.0 0.0 0.0 0.0 0.0 131.0 45.0 0.0 95.0 0.0 0.0 0.0 0.0 91.0 0.0 0.0 221.0 0.0 
0.0 0.0 0.0 0.0 0.0 0.0 0.0 0.0 0.0 0.0 0.0 0.0 0.0 95.0 0.0 0.0 0.0 0.0 0.0 63.0 0.0 0.0 0.0 167.0 
0.0 0.0 105.0 0.0 0.0 0.0 0.0 64.0 0.0 0.0 0.0 0.0 0.0 0.0 0.0 0.0 28.0 0.0 0.0 0.0 0.0 0.0 0.0 153.0 
0.0 0.0 0.0 0.0 0.0 0.0 0.0 91.0 0.0 0.0 0.0 0.0 0.0 0.0 0.0 28.0 0.0 0.0 0.0 0.0 0.0 0.0 0.0 168.0 
0.0 0.0 83.0 0.0 0.0 0.0 67.0 0.0 35.0 0.0 0.0 0.0 0.0 0.0 0.0 0.0 0.0 0.0 0.0 0.0 170.0 0.0 0.0 0.0 
0.0 0.0 0.0 47.0 9.0 0.0 0.0 0.0 0.0 34.0 163.0 0.0 0.0 0.0 0.0 0.0 0.0 0.0 0.0 0.0 0.0 0.0 0.0 0.0 
0.0 0.0 0.0 0.0 0.0 0.0 0.0 0.0 0.0 0.0 153.0 74.0 0.0 91.0 63.0 0.0 0.0 0.0 0.0 0.0 0.0 0.0 0.0 0.0 
1.0 0.0 0.0 0.0 0.0 0.0 0.0 176.0 134.0 0.0 349.0 0.0 0.0 0.0 0.0 0.0 0.0 170.0 0.0 0.0 0.0 180.0 0.0 0.0 
0.0 0.0 0.0 176.0 19.0 0.0 0.0 0.0 0.0 0.0 0.0 0.0 0.0 0.0 0.0 0.0 0.0 0.0 0.0 0.0 180.0 0.0 224.0 0.0 
0.0 0.0 218.0 0.0 0.0 0.0 152.0 0.0 0.0 0.0 0.0 0.0 153.0 221.0 0.0 0.0 0.0 0.0 0.0 0.0 0.0 224.0 0.0 222.0 
0.0 3.0 0.0 0.0 0.0 0.0 0.0 0.0 0.0 0.0 287.0 0.0 0.0 0.0 167.0 153.0 168.0 0.0 0.0 0.0 0.0 0.0 222.0 0.0 
