q
896.0 943.0 215.0 489.0 239.0 799.0 20.0 268.0 1.0 204.0 295.0 401.0 319.0 164.0 1325.0 346.0 771.0 1232.0 561.0 281.0 924.0 501.0 887.0 375.0 
l
0.0 141.0 0.0 0.0 0.0 0.0 0.0 0.0 0.0 0.0 103.0 93.0 0.0 0.0 0.0 126.0 120.0 0.0 0.0 0.0 275.0 0.0 0.0 0.0 
141.0 0.0 0.0 130.0 0.0 0.0 0.0 0.0 0.0 0.0 0.0 133.0 0.0 0.0 280.0 64.0 0.0 153.0 0.0 0.0 0.0 0.0 0.0 0.0 
0.0 0.0 0.0 0.0 0.0 0.0 0.0 49.0 0.0 22.0 0.0 0.0 0.0 27.0 0.0 0.0 0.0 0.0 0.0 0.0 0.0 58.0 0.0 45.0 
0.0 130.0 0.0 0.0 0.0 0.0 0.0 0.0 0.0 0.0 0.0 57.0 0.0 0.0 0.0 0.0 71.0 141.0 0.0 74.0 0.0 0.0 0.0 0.0 
0.0 0.0 0.0 0.0 0.0 217.0 1.0 0.0 0.0 0.0 0.0 0.0 0.0 0.0 0.0 0.0 0.0 0.0 0.0 0.0 0.0 0.0 0.0 0.0 
0.0 0.0 0.0 0.0 217.0 0.0 18.0 0.0 0.0 0.0 0.0 0.0 0.0 0.0 241.0 0.0 0.0 276.0 0.0 0.0 0.0 0.0 0.0 0.0 
0.0 0.0 0.0 0.0 1.0 18.0 0.0 0.0 0.0 0.0 0.0 0.0 0.0 0.0 0.0 0.0 0.0 0.0 0.0 0.0 0.0 0.0 0.0 0.0 
0.0 0.0 49.0 0.0 0.0 0.0 0.0 0.0 0.0 0.0 0.0 0.0 0.0 23.0 181.0 0.0 0.0 0.0 0.0 0.0 0.0 0.0 0.0 0.0 
0.0 0.0 0.0 0.0 0.0 0.0 0.0 0.0 0.0 0.0 0.0 0.0 0.0 0.0 0.0 0.0 0.0 0.0 0.0 0.0 0.0 0.0 1.0 0.0 
0.0 0.0 22.0 0.0 0.0 0.0 0.0 0.0 0.0 0.0 0.0 0.0 0.0 0.0 0.0 0.0 0.0 0.0 0.0 0.0 93.0 54.0 0.0 22.0 
103.0 0.0 0.0 0.0 0.0 0.0 0.0 0.0 0.0 0.0 0.0 43.0 0.0 0.0 0.0 0.0 103.0 0.0 0.0 29.0 0.0 0.0 0.0 0.0 
93.0 133.0 0.0 57.0 0.0 0.0 0.0 0.0 0.0 0.0 43.0 0.0 0.0 0.0 0.0 0.0 0.0 0.0 0.0 59.0 0.0 0.0 0.0 0.0 
0.0 0.0 0.0 0.0 0.0 0.0 0.0 0.0 0.0 0.0 0.0 0.0 0.0 0.0 0.0 0.0 0.0 0.0 88.0 0.0 88.0 0.0 130.0 0.0 
0.0 0.0 27.0 0.0 0.0 0.0 0.0 23.0 0.0 0.0 0.0 0.0 0.0 0.0 0.0 0.0 0.0 0.0 0.0 0.0 0.0 0.0 105.0 0.0 
0.0 280.0 0.0 0.0 0.0 241.0 0.0 181.0 0.0 0.0 0.0 0.0 0.0 0.0 0.0 139.0 0.0 0.0 0.0 0.0 0.0 219.0 191.0 0.0 
126.0 64.0 0.0 0.0 0.0 0.0 0.0 0.0 0.0 0.0 0.0 0.0 0.0 0.0 139.0 0.0 0.0 0.0 0.0 0.0 0.0 0.0 0.0 0.0 
120.0 0.0 0.0 71.0 0.0 0.0 0.0 0.0 0.0 0.0 103.0 0.0 0.0 0.0 0.0 0.0 0.0 199.0 143.0 101.0 0.0 0.0 0.0 0.0 
0.0 153.0 0.0 141.0 0.0 276.0 0.0 0.0 0.0 0.0 0.0 0.0 0.0 0.0 0.0 0.0 199.0 0.0 158.0 0.0 0.0 0.0 260.0 0.0 
0.0 0.0 0.0 0.0 0.0 0.0 0.0 0.0 0.0 0.0 0.0 0.0 88.0 0.0 0.0 0.0 143.0 158.0 0.0 0.0 145.0 0.0 0.0 0.0 
0.0 0.0 0.0 74.0 0.0 0.0 0.0 0.0 0.0 0.0 29.0 59.0 0.0 0.0 0.0 0.0 101.0 0.0 0.0 0.0 0.0 0.0 0.0 0.0 
275.0 0.0 0.0 0.0 0.0 0.0 0.0 0.0 0.0 93.0 0.0 0.0 88.0 0.0 0.0 0.0 0.0 0.0 145.0 0.0 0.0 150.0 0.0 128.0 
0.0 0.0 58.0 0.0 0.0 0.0 0.0 0.0 0.0 54.0 0.0 0.0 0.0 0.0 219.0 0.0 0.0 0.0 0.0 0.0 150.0 0.0 0.0 0.0 
0.0 0.0 0.0 0.0 0.0 0.0 0.0 0.0 1.0 0.0 0.0 0.0 130.0 105.0 191.0 0.0 0.0 260.0 0.0 0.0 0.0 0.0 0.0 158.0 
0.0 0.0 45.0 0.0 0.0 0.0 0.0 0.0 0.0 22.0 0.0 0.0 0.0 0.0 0.0 0.0 0.0 0.0 0.0 0.0 128.0 0.0 158.0 0.0 
