q
366.0 1819.0 1210.0 284.0 397.0 348.0 516.0 374.0 805.0 462.0 843.0 421.0 413.0 587.0 1302.0 30.0 9.0 523.0 154.0 2.0 933.0 1269.0 1154.0 1577.0 
l
0.0 159.0 0.0 0.0 0.0 0.0 0.0 0.0 58.0 0.0 0.0 0.0 0.0 0.0 138.0 0.0 0.0 0.0 0.0 0.0 0.0 0.0 0.0 0.0 
159.0 0.0 0.0 0.0 234.0 0.0 0.0 0.0 200.0 0.0 0.0 0.0 0.0 0.0 266.0 0.0 0.0 0.0 0.0 0.0 252.0 0.0 0.0 626.0 
0.0 0.0 0.0 0.0 0.0 0.0 197.0 0.0 0.0 0.0 313.0 0.0 123.0 0.0 327.0 0.0 0.0 0.0 0.0 0.0 0.0 171.0 0.0 0.0 
0.0 0.0 0.0 0.0 0.0 0.0 0.0 0.0 0.0 0.0 93.0 0.0 0.0 0.0 0.0 0.0 1.0 40.0 0.0 0.0 0.0 0.0 131.0 0.0 
0.0 234.0 0.0 0.0 0.0 0.0 0.0 67.0 72.0 0.0 0.0 0.0 0.0 0.0 0.0 0.0 0.0 0.0 0.0 0.0 0.0 0.0 0.0 0.0 
0.0 0.0 0.0 0.0 0.0 0.0 0.0 0.0 0.0 0.0 0.0 40.0 0.0 0.0 0.0 0.0 0.0 75.0 17.0 0.0 0.0 0.0 0.0 200.0 
0.0 0.0 197.0 0.0 0.0 0.0 0.0 0.0 0.0 0.0 72.0 59.0 0.0 0.0 0.0 0.0 0.0 0.0 0.0 0.0 0.0 0.0 0.0 158.0 
0.0 0.0 0.0 0.0 67.0 0.0 0.0 0.0 108.0 43.0 0.0 0.0 0.0 0.0 0.0 0.0 0.0 0.0 0.0 0.0 142.0 0.0 0.0 0.0 
58.0 200.0 0.0 0.0 72.0 0.0 0.0 108.0 0.0 134.0 0.0 0.0 0.0 0.0 204.0 0.0 0.0 0.0 0.0 0.0 0.0 0.0 0.0 0.0 
0.0 0.0 0.0 0.0 0.0 0.0 0.0 43.0 134.0 0.0 0.0 0.0 0.0 133.0 0.0 6.0 0.0 0.0 0.0 1.0 126.0 0.0 0.0 0.0 
0.0 0.0 313.0 93.0 0.0 0.0 72.0 0.0 0.0 0.0 0.0 86.0 0.0 0.0 0.0 0.0 0.0 120.0 0.0 0.0 0.0 0.0 117.0 0.0 
0.0 0.0 0.0 0.0 0.0 40.0 59.0 0.0 0.0 0.0 86.0 0.0 0.0 0.0 0.0 0.0 0.0 54.0 0.0 0.0 0.0 0.0 0.0 166.0 
0.0 0.0 123.0 0.0 0.0 0.0 0.0 0.0 0.0 0.0 0.0 0.0 0.0 56.0 125.0 0.0 0.0 0.0 0.0 0.0 0.0 90.0 0.0 0.0 
0.0 0.0 0.0 0.0 0.0 0.0 0.0 0.0 0.0 133.0 0.0 0.0 56.0 0.0 176.0 7.0 0.0 0.0 0.0 0.0 0.0 189.0 0.0 0.0 
138.0 266.0 327.0 0.0 0.0 0.0 0.0 0.0 204.0 0.0 0.0 0.0 125.0 176.0 0.0 0.0 0.0 0.0 0.0 0.0 0.0 0.0 0.0 0.0 
0.0 0.0 0.0 0.0 0.0 0.0 0.0 0.0 0.0 6.0 0.0 0.0 0.0 7.0 0.0 0.0 0.0 0.0 0.0 0.0 16.0 0.0 0.0 0.0 
0.0 0.0 0.0 1.0 0.0 0.0 0.0 0.0 0.0 0.0 0.0 0.0 0.0 0.0 0.0 0.0 0.0 0.0 0.0 0.0 0.0 0.0 6.0 0.0 
0.0 0.0 0.0 40.0 0.0 75.0 0.0 0.0 0.0 0.0 120.0 54.0 0.0 0.0 0.0 0.0 0.0 0.0 39.0 0.0 0.0 0.0 173.0 0.0 
0.0 0.0 0.0 0.0 0.0 17.0 0.0 0.0 0.0 0.0 0.0 0.0 0.0 0.0 0.0 0.0 0.0 39.0 0.0 0.0 0.0 0.0 0.0 93.0 
0.0 0.0 0.0 0.0 0.0 0.0 0.0 0.0 0.0 1.0 0.0 0.0 0.0 0.0 0.0 0.0 0.0 0.0 0.0 0.0 1.0 0.0 0.0 0.0 
0.0 252.0 0.0 0.0 0.0 0.0 0.0 142.0 0.0 126.0 0.0 0.0 0.0 0.0 0.0 16.0 0.0 0.0 0.0 1.0 0.0 343.0 0.0 0.0 
0.0 0.0 171.0 0.0 0.0 0.0 0.0 0.0 0.0 0.0 0.0 0.0 90.0 189.0 0.0 0.0 0.0 0.0 0.0 0.0 343.0 0.0 406.0 0.0 
0.0 0.0 0.0 131.0 0.0 0.0 0.0 0.0 0.0 0.0 117.0 0.0 0.0 0.0 0.0 0.0 6.0 173.0 0.0 0.0 0.0 406.0 0.0 260.0 
0.0 626.0 0.0 0.0 0.0 200.0 158.0 0.0 0.0 0.0 0.0 166.0 0.0 0.0 0.0 0.0 0.0 0.0 93.0 0.0 0.0 0.0 260.0 0.0 
