q
294.0 381.0 875.0 136.0 384.0 396.0 4.0 1501.0 467.0 74.0 598.0 419.0 516.0 303.0 418.0 1245.0 1176.0 352.0 1260.0 438.0 1419.0 864.0 1365.0 1539.0 
l
0.0 0.0 0.0 0.0 0.0 0.0 0.0 0.0 0.0 14.0 0.0 0.0 52.0 0.0 65.0 0.0 0.0 0.0 0.0 0.0 0.0 143.0 0.0 0.0 
0.0 0.0 100.0 0.0 0.0 0.0 0.0 0.0 0.0 0.0 0.0 0.0 0.0 0.0 0.0 0.0 116.0 0.0 0.0 0.0 0.0 0.0 144.0 0.0 
0.0 100.0 0.0 0.0 0.0 0.0 2.0 0.0 0.0 0.0 0.0 103.0 0.0 0.0 0.0 0.0 153.0 0.0 274.0 0.0 0.0 0.0 187.0 0.0 
0.0 0.0 0.0 0.0 0.0 0.0 0.0 0.0 0.0 0.0 0.0 0.0 15.0 43.0 0.0 0.0 0.0 0.0 0.0 0.0 75.0 0.0 0.0 0.0 
0.0 0.0 0.0 0.0 0.0 35.0 0.0 174.0 0.0 0.0 0.0 0.0 0.0 0.0 0.0 156.0 0.0 0.0 0.0 0.0 0.0 0.0 0.0 0.0 
0.0 0.0 0.0 0.0 35.0 0.0 0.0 165.0 0.0 0.0 67.0 0.0 0.0 0.0 0.0 111.0 0.0 0.0 0.0 0.0 0.0 0.0 0.0 0.0 
0.0 0.0 2.0 0.0 0.0 0.0 0.0 0.0 0.0 0.0 0.0 2.0 0.0 0.0 0.0 0.0 0.0 0.0 0.0 0.0 0.0 0.0 0.0 0.0 
0.0 0.0 0.0 0.0 174.0 165.0 0.0 0.0 0.0 0.0 141.0 0.0 0.0 0.0 0.0 179.0 0.0 0.0 0.0 0.0 326.0 0.0 0.0 446.0 
0.0 0.0 0.0 0.0 0.0 0.0 0.0 0.0 0.0 0.0 0.0 0.0 0.0 0.0 0.0 0.0 173.0 52.0 0.0 0.0 0.0 0.0 0.0 211.0 
14.0 0.0 0.0 0.0 0.0 0.0 0.0 0.0 0.0 0.0 0.0 0.0 0.0 0.0 5.0 0.0 0.0 0.0 0.0 0.0 0.0 0.0 0.0 51.0 
0.0 0.0 0.0 0.0 0.0 67.0 0.0 141.0 0.0 0.0 0.0 0.0 0.0 0.0 0.0 117.0 0.0 0.0 134.0 109.0 0.0 0.0 0.0 0.0 
0.0 0.0 103.0 0.0 0.0 0.0 2.0 0.0 0.0 0.0 0.0 0.0 0.0 0.0 0.0 0.0 0.0 0.0 167.0 0.0 0.0 120.0 0.0 0.0 
52.0 0.0 0.0 15.0 0.0 0.0 0.0 0.0 0.0 0.0 0.0 0.0 0.0 61.0 87.0 0.0 0.0 0.0 0.0 0.0 263.0 0.0 0.0 0.0 
0.0 0.0 0.0 43.0 0.0 0.0 0.0 0.0 0.0 0.0 0.0 0.0 61.0 0.0 19.0 0.0 0.0 0.0 0.0 0.0 0.0 0.0 0.0 164.0 
65.0 0.0 0.0 0.0 0.0 0.0 0.0 0.0 0.0 5.0 0.0 0.0 87.0 19.0 0.0 0.0 0.0 0.0 0.0 0.0 0.0 0.0 0.0 219.0 
0.0 0.0 0.0 0.0 156.0 111.0 0.0 179.0 0.0 0.0 117.0 0.0 0.0 0.0 0.0 0.0 391.0 0.0 234.0 0.0 0.0 0.0 0.0 0.0 
0.0 116.0 153.0 0.0 0.0 0.0 0.0 0.0 173.0 0.0 0.0 0.0 0.0 0.0 0.0 391.0 0.0 118.0 0.0 0.0 0.0 0.0 154.0 0.0 
0.0 0.0 0.0 0.0 0.0 0.0 0.0 0.0 52.0 0.0 0.0 0.0 0.0 0.0 0.0 0.0 118.0 0.0 0.0 0.0 0.0 0.0 164.0 0.0 
0.0 0.0 274.0 0.0 0.0 0.0 0.0 0.0 0.0 0.0 134.0 167.0 0.0 0.0 0.0 234.0 0.0 0.0 0.0 136.0 250.0 0.0 0.0 0.0 
0.0 0.0 0.0 0.0 0.0 0.0 0.0 0.0 0.0 0.0 109.0 0.0 0.0 0.0 0.0 0.0 0.0 0.0 136.0 0.0 165.0 0.0 0.0 0.0 
0.0 0.0 0.0 75.0 0.0 0.0 0.0 326.0 0.0 0.0 0.0 0.0 263.0 0.0 0.0 0.0 0.0 0.0 250.0 165.0 0.0 256.0 0.0 0.0 
143.0 0.0 0.0 0.0 0.0 0.0 0.0 0.0 0.0 0.0 0.0 120.0 0.0 0.0 0.0 0.0 0.0 0.0 0.0 0.0 256.0 0.0 290.0 0.0 
0.0 144.0 187.0 0.0 0.0 0.0 0.0 0.0 0.0 0.0 0.0 0.0 0.0 0.0 0.0 0.0 154.0 164.0 0.0 0.0 0.0 290.0 0.0 360.0 
0.0 0.0 0.0 0.0 0.0 0.0 0.0 446.0 211.0 51.0 0.0 0.0 0.0 164.0 219.0 0.0 0.0 0.0 0.0 0.0 0.0 0.0 360.0 0.0 
