q
2908.0 584.0 978.0 13.0 1233.0 526.0 682.0 1712.0 852.0 1223.0 997.0 5.0 617.0 543.0 982.0 516.0 1.0 193.0 682.0 892.0 2179.0 1430.0 1778.0 2556.0 
l
0.0 300.0 334.0 0.0 0.0 0.0 0.0 517.0 0.0 0.0 464.0 0.0 0.0 0.0 0.0 0.0 0.0 0.0 0.0 0.0 614.0 0.0 0.0 542.0 
300.0 0.0 93.0 0.0 0.0 0.0 0.0 166.0 0.0 0.0 0.0 0.0 0.0 0.0 0.0 0.0 0.0 0.0 0.0 0.0 0.0 0.0 0.0 0.0 
334.0 93.0 0.0 0.0 180.0 0.0 188.0 143.0 0.0 0.0 0.0 0.0 0.0 0.0 0.0 0.0 0.0 0.0 0.0 0.0 0.0 0.0 0.0 0.0 
0.0 0.0 0.0 0.0 0.0 0.0 0.0 0.0 0.0 0.0 0.0 0.0 0.0 0.0 7.0 0.0 0.0 2.0 0.0 0.0 0.0 4.0 0.0 0.0 
0.0 0.0 180.0 0.0 0.0 0.0 151.0 225.0 0.0 0.0 0.0 0.0 0.0 181.0 0.0 0.0 0.0 0.0 0.0 174.0 0.0 0.0 274.0 0.0 
0.0 0.0 0.0 0.0 0.0 0.0 0.0 0.0 0.0 137.0 0.0 0.0 49.0 0.0 0.0 0.0 0.0 0.0 0.0 0.0 310.0 0.0 0.0 0.0 
0.0 0.0 188.0 0.0 151.0 0.0 0.0 0.0 0.0 0.0 0.0 0.0 0.0 49.0 0.0 0.0 0.0 0.0 0.0 0.0 0.0 0.0 0.0 261.0 
517.0 166.0 143.0 0.0 225.0 0.0 0.0 0.0 0.0 0.0 0.0 0.0 0.0 0.0 339.0 0.0 0.0 0.0 0.0 242.0 0.0 0.0 0.0 0.0 
0.0 0.0 0.0 0.0 0.0 0.0 0.0 0.0 0.0 211.0 152.0 0.0 0.0 0.0 0.0 0.0 0.0 0.0 53.0 0.0 0.0 0.0 0.0 395.0 
0.0 0.0 0.0 0.0 0.0 137.0 0.0 0.0 211.0 0.0 155.0 0.0 105.0 0.0 0.0 0.0 0.0 0.0 230.0 0.0 327.0 0.0 0.0 0.0 
464.0 0.0 0.0 0.0 0.0 0.0 0.0 0.0 152.0 155.0 0.0 1.0 175.0 0.0 0.0 0.0 0.0 0.0 0.0 0.0 0.0 0.0 0.0 0.0 
0.0 0.0 0.0 0.0 0.0 0.0 0.0 0.0 0.0 0.0 1.0 0.0 2.0 0.0 0.0 0.0 0.0 0.0 0.0 0.0 2.0 0.0 0.0 0.0 
0.0 0.0 0.0 0.0 0.0 49.0 0.0 0.0 0.0 105.0 175.0 2.0 0.0 0.0 0.0 0.0 0.0 0.0 0.0 0.0 258.0 0.0 0.0 0.0 
0.0 0.0 0.0 0.0 181.0 0.0 49.0 0.0 0.0 0.0 0.0 0.0 0.0 0.0 0.0 0.0 0.0 0.0 0.0 0.0 0.0 0.0 0.0 279.0 
0.0 0.0 0.0 7.0 0.0 0.0 0.0 339.0 0.0 0.0 0.0 0.0 0.0 0.0 0.0 106.0 0.0 39.0 0.0 127.0 0.0 304.0 0.0 0.0 
0.0 0.0 0.0 0.0 0.0 0.0 0.0 0.0 0.0 0.0 0.0 0.0 0.0 0.0 106.0 0.0 0.0 37.0 0.0 99.0 0.0 0.0 244.0 0.0 
0.0 0.0 0.0 0.0 0.0 0.0 0.0 0.0 0.0 0.0 0.0 0.0 0.0 0.0 0.0 0.0 0.0 0.0 0.0 0.0 0.0 1.0 0.0 0.0 
0.0 0.0 0.0 2.0 0.0 0.0 0.0 0.0 0.0 0.0 0.0 0.0 0.0 0.0 39.0 37.0 0.0 0.0 0.0 0.0 0.0 101.0 0.0 0.0 
0.0 0.0 0.0 0.0 0.0 0.0 0.0 0.0 53.0 230.0 0.0 0.0 0.0 0.0 0.0 0.0 0.0 0.0 0.0 0.0 0.0 0.0 0.0 369.0 
0.0 0.0 0.0 0.0 174.0 0.0 0.0 242.0 0.0 0.0 0.0 0.0 0.0 0.0 127.0 99.0 0.0 0.0 0.0 0.0 0.0 0.0 211.0 0.0 
614.0 0.0 0.0 0.0 0.0 310.0 0.0 0.0 0.0 327.0 0.0 2.0 258.0 0.0 0.0 0.0 0.0 0.0 0.0 0.0 0.0 559.0 0.0 0.0 
0.0 0.0 0.0 4.0 0.0 0.0 0.0 0.0 0.0 0.0 0.0 0.0 0.0 0.0 304.0 0.0 1.0 101.0 0.0 0.0 559.0 0.0 390.0 0.0 
0.0 0.0 0.0 0.0 274.0 0.0 0.0 0.0 0.0 0.0 0.0 0.0 0.0 0.0 0.0 244.0 0.0 0.0 0.0 211.0 0.0 390.0 0.0 575.0 
542.0 0.0 0.0 0.0 0.0 0.0 261.0 0.0 395.0 0.0 0.0 0.0 0.0 279.0 0.0 0.0 0.0 0.0 369.0 0.0 0.0 0.0 575.0 0.0 
