q
533.0 1458.0 753.0 1948.0 1.0 810.0 523.0 940.0 29.0 1.0 631.0 699.0 1476.0 692.0 572.0 744.0 302.0 593.0 2435.0 1223.0 1856.0 2141.0 2348.0 896.0 
l
0.0 173.0 61.0 0.0 0.0 0.0 0.0 0.0 0.0 0.0 0.0 0.0 0.0 0.0 0.0 0.0 0.0 0.0 281.0 0.0 0.0 0.0 0.0 0.0 
173.0 0.0 174.0 355.0 0.0 0.0 0.0 185.0 0.0 0.0 0.0 0.0 0.0 0.0 0.0 0.0 0.0 192.0 321.0 0.0 0.0 0.0 0.0 0.0 
61.0 174.0 0.0 0.0 0.0 0.0 0.0 0.0 11.0 0.0 0.0 0.0 0.0 0.0 0.0 186.0 0.0 0.0 284.0 0.0 0.0 0.0 0.0 0.0 
0.0 355.0 0.0 0.0 0.0 201.0 0.0 222.0 0.0 0.0 0.0 0.0 0.0 0.0 0.0 332.0 0.0 0.0 0.0 253.0 0.0 0.0 503.0 0.0 
0.0 0.0 0.0 0.0 0.0 0.0 0.0 0.0 0.0 0.0 0.0 0.0 0.0 0.0 0.0 0.0 0.0 0.0 0.0 0.0 1.0 0.0 0.0 0.0 
0.0 0.0 0.0 201.0 0.0 0.0 0.0 0.0 0.0 0.0 133.0 0.0 0.0 0.0 0.0 0.0 0.0 0.0 0.0 157.0 0.0 0.0 283.0 0.0 
0.0 0.0 0.0 0.0 0.0 0.0 0.0 0.0 0.0 0.0 0.0 43.0 176.0 0.0 0.0 0.0 0.0 0.0 0.0 0.0 0.0 0.0 275.0 0.0 
0.0 185.0 0.0 222.0 0.0 0.0 0.0 0.0 0.0 0.0 0.0 0.0 0.0 0.0 0.0 0.0 0.0 103.0 0.0 184.0 208.0 0.0 0.0 0.0 
0.0 0.0 11.0 0.0 0.0 0.0 0.0 0.0 0.0 0.0 0.0 0.0 0.0 0.0 0.0 5.0 0.0 0.0 0.0 0.0 0.0 0.0 0.0 10.0 
0.0 0.0 0.0 0.0 0.0 0.0 0.0 0.0 0.0 0.0 0.0 0.0 0.0 0.0 0.0 0.0 0.0 0.0 0.0 0.0 0.0 0.0 0.0 1.0 
0.0 0.0 0.0 0.0 0.0 133.0 0.0 0.0 0.0 0.0 0.0 0.0 0.0 0.0 0.0 0.0 18.0 0.0 0.0 188.0 0.0 261.0 0.0 0.0 
0.0 0.0 0.0 0.0 0.0 0.0 43.0 0.0 0.0 0.0 0.0 0.0 182.0 104.0 0.0 0.0 0.0 0.0 0.0 0.0 0.0 0.0 330.0 0.0 
0.0 0.0 0.0 0.0 0.0 0.0 176.0 0.0 0.0 0.0 0.0 182.0 0.0 198.0 210.0 0.0 0.0 0.0 621.0 0.0 0.0 0.0 0.0 0.0 
0.0 0.0 0.0 0.0 0.0 0.0 0.0 0.0 0.0 0.0 0.0 104.0 198.0 0.0 39.0 0.0 0.0 0.0 0.0 0.0 0.0 303.0 0.0 0.0 
0.0 0.0 0.0 0.0 0.0 0.0 0.0 0.0 0.0 0.0 0.0 0.0 210.0 39.0 0.0 0.0 0.0 0.0 0.0 0.0 0.0 290.0 0.0 0.0 
0.0 0.0 186.0 332.0 0.0 0.0 0.0 0.0 5.0 0.0 0.0 0.0 0.0 0.0 0.0 0.0 0.0 0.0 0.0 0.0 0.0 0.0 0.0 175.0 
0.0 0.0 0.0 0.0 0.0 0.0 0.0 0.0 0.0 0.0 18.0 0.0 0.0 0.0 0.0 0.0 0.0 0.0 0.0 120.0 0.0 151.0 0.0 0.0 
0.0 192.0 0.0 0.0 0.0 0.0 0.0 103.0 0.0 0.0 0.0 0.0 0.0 0.0 0.0 0.0 0.0 0.0 0.0 0.0 256.0 0.0 0.0 0.0 
281.0 321.0 284.0 0.0 0.0 0.0 0.0 0.0 0.0 0.0 0.0 0.0 621.0 0.0 0.0 0.0 0.0 0.0 0.0 0.0 493.0 0.0 0.0 313.0 
0.0 0.0 0.0 253.0 0.0 157.0 0.0 184.0 0.0 0.0 188.0 0.0 0.0 0.0 0.0 0.0 120.0 0.0 0.0 0.0 278.0 0.0 0.0 0.0 
0.0 0.0 0.0 0.0 1.0 0.0 0.0 208.0 0.0 0.0 0.0 0.0 0.0 0.0 0.0 0.0 0.0 256.0 493.0 278.0 0.0 520.0 0.0 0.0 
0.0 0.0 0.0 0.0 0.0 0.0 0.0 0.0 0.0 0.0 261.0 0.0 0.0 303.0 290.0 0.0 151.0 0.0 0.0 0.0 520.0 0.0 499.0 0.0 
0.0 0.0 0.0 503.0 0.0 283.0 275.0 0.0 0.0 0.0 0.0 330.0 0.0 0.0 0.0 0.0 0.0 0.0 0.0 0.0 0.0 499.0 0.0 345.0 
0.0 0.0 0.0 0.0 0.0 0.0 0.0 0.0 10.0 1.0 0.0 0.0 0.0 0.0 0.0 175.0 0.0 0.0 313.0 0.0 0.0 0.0 345.0 0.0 
