qubits:
  Q1:
    w_idle: 4.26
    eta: -0.2327
    id: 0
    w_idle~: 4.239094091109894
    w_max: 4.416
    period: 1.0
    sws: 0.0
    d: 0.25
  C1_2:
    w_idle: 6.3742400240158785
    eta: -0.119
    id: 1
    w_idle~: 6.381572873886398
    w_max: 6.545
    period: 1.0
    sws: 0.0
    d: 0.25
  Q2:
    w_idle: 4.624
    eta: -0.2358
    id: 2
    w_idle~: 4.584538856189932
    w_max: 4.751
    period: 1.0
    sws: 0.0
    d: 0.25
  C2_3:
    w_idle: 6.405926187943205
    eta: -0.12
    id: 3
    w_idle~: 6.419468364478018
    w_max: 6.546
    period: 1.0
    sws: 0.0
    d: 0.25
  Q3:
    w_idle: 4.147
    eta: -0.2472
    id: 4
    w_idle~: 4.126924059086685
    w_max: 4.482
    period: 1.0
    sws: 0.0
    d: 0.25
rho_map:
  Q1-C1_2: 0.0274
  Q2-C1_2: 0.0274
  Q1-Q2: 0.0029
  Q2-C2_3: 0.0274
  Q3-C2_3: 0.0274
  Q2-Q3: 0.0029
