qubits:
  Q1:
    w_idle: 4.26
    eta: -0.2327
    id: 0
    w_idle~: 4.243756045776001
    w_max: 4.416
    period: 1.0
    sws: 0.0
    d: 0.25
  C1_2:
    w_idle: 6.545
    eta: -0.119
    id: 1
    w_idle~: 6.5587735387840365
    w_max: 6.545
    period: 1.0
    sws: 0.0
    d: 0.25
  Q2:
    w_idle: 4.624
    eta: -0.2358
    id: 2
    w_idle~: 4.6048804406788095
    w_max: 4.751
    period: 1.0
    sws: 0.0
    d: 0.25
rho_map:
  Q1-C1_2: 0.0274
  Q2-C1_2: 0.0274
  Q1-Q2: 0.0029
