qubits:
  Q1:
    w_idle: 4.6
    eta: -0.2327
    id: 0
    w_idle~: 4.575686518522537
    w_max: 4.416
    period: 1.0
    sws: 0.0
    d: 0.25
  C1_2:
    w_idle: 6.3604666087047335
    eta: -0.119
    id: 1
    w_idle~: 6.372654188893649
    w_max: 6.545
    period: 1.0
    sws: 0.0
    d: 0.25
  Q2:
    w_idle: 5
    eta: -0.2358
    id: 2
    w_idle~: 4.950376843997709
    w_max: 4.751
    period: 1.0
    sws: 0.0
    d: 0.25
  C2_3:
    w_idle: 6.397262041278728
    eta: -0.12
    id: 3
    w_idle~: 6.420086198065452
    w_max: 6.546
    period: 1.0
    sws: 0.0
    d: 0.25
  Q3:
    w_idle: 4.5
    eta: -0.2472
    id: 4
    w_idle~: 4.476777909729676
    w_max: 4.482
    period: 1.0
    sws: 0.0
    d: 0.25
rho_map:
  Q1-C1_2: 0.0274
  Q2-C1_2: 0.0274
  Q1-Q2: 0.0035
  Q2-C2_3: 0.0274
  Q3-C2_3: 0.0274
  Q2-Q3: 0.0035
