qubits:
  Q1:
    w_idle: 4.1
    eta: -0.2327
    id: 0
    w_idle~: 4.080519680537748
    w_max: 4.416
    period: 1.0
    sws: 0.0
    d: 0.25
  C1_2:
    w_idle: 6.545139772618081
    eta: -0.119
    id: 1
    w_idle~: 6.561765040679413
    w_max: 6.545
    period: 1.0
    sws: 0.0
    d: 0.25
  Q2:
    w_idle: 4.7
    eta: -0.2358
    id: 2
    w_idle~: 4.660447952280557
    w_max: 4.751
    period: 1.0
    sws: 0.0
    d: 0.25
  C2_3:
    w_idle: 6.535744096749549
    eta: -0.12
    id: 3
    w_idle~: 6.537921846379167
    w_max: 6.546
    period: 1.0
    sws: 0.0
    d: 0.25
  Q3:
    w_idle: 4.147
    eta: -0.2472
    id: 4
    w_idle~: 4.1271714732266425
    w_max: 4.482
    period: 1.0
    sws: 0.0
    d: 0.25
rho_map:
  Q1-C1_2: 0.0274
  Q2-C1_2: 0.0274
  Q1-Q2: 0.0029
  Q2-C2_3: 0.0274
  Q3-C2_3: 0.0274
  Q2-Q3: 0.0029
