initial theta:[[0.019895277213957827, 0.00914965150639474, 0.00982510226331975, 0.017304553089700796, 0.01738849995440795, 0.019083795249701004, 0.008064640965429698, 0.015931489509891646, 0.01533568575087781, 0.014474831717984192, 0.010837047336162987, 0.009954330434023263, 0.0177030890550556, 0.0023486404335905943, 3.687584864537463e-05, 0.011767144638686092, 0.019001858965486295, 0.004129966292608334, 0.013983538451152622, 0.01691917104484158, 0.005227985431521407, 0.008140309630359076, 0.01591524334527439, 0.0008792245151940815, 0.010931551774489418, 0.0057284043342365745, 0.01343504427073823, 0.015044636273602259, 0.004109170045329875, 0.002548962669967567, 0.005754914341502511, 0.0010786577842588274, 0.00313132339186327, 0.018306489673508643, 0.006987981196398869, 0.012977405761951466]]
optimizer:momentum
learning_rate:0.02
momentum:0.5
search space qubit number:5
target number:15
layer:1
i:0
loss:0.04362694736530516
theta:[[0.01999395725767754, 0.009158186153689185, 0.009747976662899692, 0.017313119807799586, 0.017525746295921858, 0.019093941076241024, 0.008046065831568089, 0.015940847687457845, 0.015237048952010241, 0.014485887421975372, 0.010777565317338656, 0.009965372346615865, 0.017840321070390377, 0.0023459129629107302, -4.127623775423306e-05, 0.011777135883323278, 0.019063093759319093, 0.004140490600838787, 0.013965653521157296, 0.01693364751326836, 0.005131002207361555, 0.008142557507382485, 0.016049336594417766, 0.0008788345819000943, 0.010873263935628336, 0.0057388228987199355, 0.013495987891929476, 0.015050705800774784, 0.00419733114604129, 0.0025475749971436957, 0.0056850759442844305, 0.0010856448123676898, 0.0030640863526630734, 0.01831535886354382, 0.007056181882677866, 0.01297629254097773]]
i:1
loss:0.04364650439235923
i:2
loss:0.04366971773147517
i:3
loss:0.043694638115768125
i:4
loss:0.04372011124473035
i:5
loss:0.043746194827776703
i:6
loss:0.04377253822622161
i:7
loss:0.04379916533243241
i:8
loss:0.04382579022256276
i:9
loss:0.04385241262506854
optimized theta:[[0.02164115384102178, 0.009154142338700376, 0.008431579990139368, 0.017314932733532108, 0.019867931852473385, 0.019092976726298623, 0.007635210973536852, 0.015932507995267166, 0.013506163214405698, 0.014518810890085693, 0.009703716758056619, 0.009874161585669412, 0.020062803281769077, 0.0023263016555620207, -0.001371464967286116, 0.011713409095219765, 0.020101387687950903, 0.004128844790797644, 0.013634670095398751, 0.016970738917332865, 0.0034806664108295495, 0.008160455668883546, 0.018300826602715092, 0.0008841558327154291, 0.009873370028804819, 0.005755603203689372, 0.014505486303149247, 0.015039509791344488, 0.005720866721037798, 0.002499357579139553, 0.004486120503933112, 0.0010149487531473458, 0.0019274173850767535, 0.018240783029491718, 0.008207903356024579, 0.012898829300459094]]
running time:41.390413200000005 seconds=0.6898402200000001 min=0.011497337000000002 hours
