initial theta:[[0.004967434320711952, 0.013629333834975476, 0.010315672635629896, 0.0025261284606217416, 0.004251607385920984, 0.010472806376786227, 0.01988547662637024, 0.00820868959946773, 0.01114617254308648, 0.01765224306274326, 0.009663254886939565, 0.005591304622406755, 0.01698462109525508, 0.01020067882993198, 0.015356411136542483, 0.003771400885172691, 0.018726680156975303, 0.014495148519754418, 0.0038066049676003244, 0.0045234416802603095, 0.004305146489866796, 0.008418197439510998, 0.00281384181190395, 0.002117805964243904, 0.009198912916194077, 0.008960171350260572, 0.004194033360281914, 0.013466422604810145, 0.010485256875847233, 0.006081535879497566, 0.013206038381101516, 0.012026067115061313, 0.014808117404710058, 0.01665687557725728, 0.016683682086640866, 0.00969818524704835]]
optimizer:momentum
learning_rate:0.02
momentum:0.5
search space qubit number:5
target number:15
layer:1
i:0
loss:0.043549708045806365
theta:[[0.005022972365430647, 0.013630436802137524, 0.010237111490054867, 0.002527212619634307, 0.004193017127373386, 0.010471925894571311, 0.02002267107252114, 0.008210437306099924, 0.01104682086078868, 0.017626492584327018, 0.00958902185735514, 0.005591581853977788, 0.017099089880538952, 0.010201389664170673, 0.015280808018401561, 0.003770626155309096, 0.018816665489632775, 0.014495424423637491, 0.0037454316637473006, 0.004521739895852472, 0.004207532429004623, 0.008405622756618823, 0.0027546850340249064, 0.0021148008215120216, 0.009243446337727843, 0.008949842546198529, 0.004254241255409754, 0.013474569299240312, 0.01061377507352846, 0.006088427076555001, 0.013096516625062228, 0.012025137320347868, 0.014935536302920388, 0.016655322587367818, 0.016751066611614657, 0.009705425746775907]]
i:1
loss:0.04357220615465586
i:2
loss:0.043599030502726364
i:3
loss:0.043628320649045996
i:4
loss:0.043659873689289495
i:5
loss:0.043693327652405564
i:6
loss:0.04372716488149708
i:7
loss:0.04376162390301269
i:8
loss:0.04379704375289118
i:9
loss:0.043833011635630484
optimized theta:[[0.006062819869486013, 0.013538561712695836, 0.00890775555476806, 0.0024029237211867695, 0.0031177433160479544, 0.010399243050893448, 0.02237662885066499, 0.008126145206475765, 0.009352491651850413, 0.017580795587021875, 0.008198600434380837, 0.005486889624113906, 0.01884664015827354, 0.010100309725407122, 0.013941965292787111, 0.0037378767494691788, 0.020463549458465374, 0.01439736495445951, 0.0024277605662537506, 0.004465377980428233, 0.002554156619244353, 0.00835363444649805, 0.0017423638458455854, 0.00209670732878269, 0.010275639265528679, 0.008891924781345505, 0.005276817610177775, 0.013404872348327584, 0.012973597133958802, 0.006090054603550282, 0.010908761807669032, 0.012029453453479376, 0.017352237920406705, 0.016677208067991355, 0.01783324158157173, 0.009714788028255223]]
running time:29.6848881 seconds=0.494748135 min=0.00824580225 hours
step=1
ideal probability:0.25830066204071045
parameter probability:0.0334263110307802
