initial theta:[[0.018199287083955913, 0.011235937139645033, 0.019614691538461685, 0.011243166991234968, 0.0030276383496002524, 0.0097908738612394, 0.017220525041025038, 0.01078447712356466, 0.007597277344449807, 0.008592260217566513, 0.010179663047101896, 0.01058626686089032, 0.007691544291594961, 0.01681890769894176, 0.010669442439023034, 0.013491925574855606, 0.006114075758399802, 0.007807254466897391, 0.0007181529051994096, 0.0072621458414571976, 0.009328930872798614, 0.004928113603122064, 0.009479791910080785, 0.012621004369652385, 0.014178830079290088, 0.015139871489823226, 0.0037886574442933087, 0.001956949801146246, 0.015909270800889667, 0.006581388400687569, 0.015780448468539023, 0.015640343158503593, 0.00021621206178476182, 0.016632930959456012, 0.018854040852644895, 0.01424449963673778]]
optimizer:momentum
learning_rate:0.02
momentum:0.5
search space qubit number:5
target number:15
layer:1
i:0
loss:0.0434023372115891
theta:[[0.018341653964809586, 0.011228551260514516, 0.019536435162915314, 0.011244433939933698, 0.0029941437429980722, 0.009787812514091396, 0.01736232107260808, 0.010775098288564364, 0.007499885296065481, 0.008579385124769053, 0.010234587585699685, 0.010583032031402711, 0.007625578482807367, 0.016815500101334896, 0.010590970171033852, 0.013489990727365047, 0.006177151039300906, 0.007788497377196497, 0.0006706301160233297, 0.007258266490588879, 0.009231991531938533, 0.004906787271518609, 0.00944426393812751, 0.012618453595477171, 0.01427458773394295, 0.015135624400615128, 0.00384883922496333, 0.001956853920551116, 0.01600962328165934, 0.00657945478075673, 0.015698880606629752, 0.015640019993605973, 0.00016102918851387482, 0.016629866434710934, 0.018895254934583806, 0.014243192167743597]]
i:1
loss:0.04342104711165032
i:2
loss:0.04344302983023356
i:3
loss:0.04346734480639944
i:4
loss:0.04349337664895461
i:5
loss:0.04351966128947751
i:6
loss:0.04354643576205916
i:7
loss:0.043573858934232074
i:8
loss:0.043601729206251126
i:9
loss:0.04362915378926325
optimized theta:[[0.020800162417856476, 0.011215262252667632, 0.018150956544747417, 0.011283706055907812, 0.0022592270030841275, 0.009855296195739268, 0.019670004720716477, 0.01070644437322315, 0.0058051633831308555, 0.008598632107291624, 0.011318212111804619, 0.010556873661050369, 0.006259294837974878, 0.01684220379378838, 0.009256001143184273, 0.013451808062151441, 0.007027833737866791, 0.0077537692710438495, -0.0003489141309524429, 0.007185920622986584, 0.0076008867755234175, 0.004808052220129335, 0.009031536979184343, 0.012655887536278906, 0.015998326856704208, 0.01514216016914226, 0.004873142988866544, 0.001994215532950496, 0.0178785725042322, 0.0066183376251394005, 0.014144087499169601, 0.015688935377683618, -0.0006164997448392791, 0.016593217875591034, 0.019987456318604307, 0.014206892799217673]]
running time:30.0869932 seconds=0.5014498866666667 min=0.008357498111111111 hours
