initial theta:[[0.010999417337057112, 0.01858739030523742, 0.00928827260061444, 0.0023395310234543354, 0.004229504633503319, 0.006137324229854053, 0.0009642070673277181, 0.01686550369851097, 0.006152722325948159, 0.010684112057515679, 0.004545386486838523, 0.016166150726258932, 0.001671792421259346, 0.019958622731600914, 0.010328863697609245, 0.005864616232804616, 0.001733880954500744, 0.007036456963828972, 0.0025653903987419803, 0.00715202279089508, 0.011927995763487851, 0.014270417744791547, 0.011188402458439111, 0.0008902815659379559, 0.006705077710657277, 0.003945004915807291, 0.013401436227797004, 0.008761990381627328, 0.0025445567046914965, 0.003534171907304262, 0.015580183081614836, 0.004002986211720872, 4.193754791552706e-06, 0.014645944977519938, 0.003067628377607081, 0.0016520533794863667]]
optimizer:momentum
learning_rate:0.02
momentum:0.5
search space qubit number:5
target number:15
layer:1
i:0
loss:0.04324428660409035
theta:[[0.011114779575499664, 0.01859467779022788, 0.009209113794368458, 0.0023467926927063587, 0.004307404471958172, 0.006139829611103737, 0.0009053250202423446, 0.016867071076058168, 0.006056287165257915, 0.010675984273375513, 0.004622285605577949, 0.01617101052992953, 0.0016148064109043703, 0.01996261977214668, 0.010250130860553739, 0.005867232763824244, 0.001754452333267842, 0.007038903023503227, 0.0024900843696904996, 0.007156763793624372, 0.011830191078581352, 0.014269486080254362, 0.011325230392907898, 0.0008856747687719935, 0.006685417742281781, 0.003940396999328353, 0.013458977159954933, 0.008757962148741184, 0.002415736251844929, 0.0035407518312016717, 0.015725065136856717, 0.00400050414480776, 2.9077862413244838e-05, 0.014643123478374504, 0.003137591079627724, 0.0016503262920549643]]
i:1
loss:0.04326453737371117
i:2
loss:0.04328828448052495
i:3
loss:0.04331382030225114
i:4
loss:0.043340442784176605
i:5
loss:0.043367772222044125
i:6
loss:0.0433954638909136
i:7
loss:0.0434234775912205
i:8
loss:0.043451987870121604
i:9
loss:0.04348078554079193
optimized theta:[[0.013007368784433803, 0.018532068428784063, 0.007858817953150202, 0.0023917864722590556, 0.005510089097135826, 0.006224823028345159, -0.00022647333369849997, 0.016889374146620027, 0.00441925794338709, 0.010745046075794382, 0.005808643201346563, 0.016184315672008495, 0.0005581945153512792, 0.019948969596949293, 0.008860491376943228, 0.005892086084873372, 0.002233540788786963, 0.007098175771670792, 0.0012644938484143724, 0.007187310558018859, 0.010162361858987364, 0.014289162027240574, 0.013685884705615046, 0.0008952763885837212, 0.006219988353580262, 0.003985457231201855, 0.014373012579156384, 0.008789019663197705, 0.00011427472032111085, 0.0035579376352395413, 0.018315927594734306, 0.00398966679870884, 0.00036224548317438643, 0.014672910958044325, 0.00433524986245336, 0.0016158313808370336]]
running time:30.3176054 seconds=0.5052934233333334 min=0.008421557055555556 hours
step=1
ideal probability:0.25830066204071045
parameter probability:0.03273740976692352
step=2
ideal probability:0.602424144744873
parameter probability:0.03156244044293999
