initial theta:[[0.010071071221850763, 0.016830887512025845, 0.01948120481796249, 0.009926950695753046, 0.013899029543150991, 0.01115505519356174, 0.0037005264285098517, 0.0011505832009439398, 0.002488091692117853, 0.0018452532880600047, 0.0025340720853741796, 0.01601812923777759, 0.01818743073495243, 0.008667574354993381, 0.0002179278696198006, 0.01506321218934738, 0.01524399644574743, 0.008740813738356588, 0.00639995910493898, 0.015195765606120657, 0.013443787186515717, 0.01511585865099704, 0.01264099598609502, 0.0055018780972492486, 0.006138078998276322, 0.012576523732345964, 0.01837840302153619, 0.005325496872081808, 0.01786376534335558, 0.00782324784813294, 0.015405944649578836, 0.0188994739456884, 0.014008462980422106, 0.017614276577542057, 0.005547768282182881, 0.007236759771001562]]
optimizer:momentum
learning_rate:0.02
momentum:0.5
search space qubit number:5
target number:15
layer:1
i:0
loss:0.04368987343207416
theta:[[0.010170901779143775, 0.016826618644544118, 0.019402630900034842, 0.009922809629166186, 0.014015639151301067, 0.011144045816679375, 0.003663927744634674, 0.0011387825726915945, 0.0023881744444477415, 0.0018210628850459586, 0.002433953059457179, 0.016007022456310825, 0.018342319811794565, 0.008661281563705327, 0.00013898106358287254, 0.015051002326365597, 0.015303467403697322, 0.00873382569821005, 0.006341819037248198, 0.015176522938175483, 0.01334550289046675, 0.015106812793114845, 0.012740359122563764, 0.005464915277152895, 0.006083056927140931, 0.012567342078228402, 0.018439752390038186, 0.005316400590020891, 0.017986930386519922, 0.007814097356032789, 0.015295205178721679, 0.018890096504295555, 0.014134215327082896, 0.01761438164426127, 0.0056198660540327915, 0.007244062294101667]]
i:1
loss:0.043713984170658644
i:2
loss:0.043742231534401564
i:3
loss:0.04377223630019211
i:4
loss:0.0438034237470922
i:5
loss:0.04383522080689138
i:6
loss:0.04386696114601933
i:7
loss:0.04389853073476164
i:8
loss:0.04393059102148512
i:9
loss:0.04396297345912936
optimized theta:[[0.011871985329537217, 0.01671307912751086, 0.018008428920574457, 0.0098590006708357, 0.015888923181793038, 0.01112013745677517, 0.0030568242110981777, 0.0010691264584602332, 0.0006845632326467547, 0.0017531786083757083, 0.0007816546920394751, 0.015951042857764393, 0.020928963792323844, 0.00865277669526984, -0.0012011136562209161, 0.015099299750231564, 0.01627756127675386, 0.008724069687165992, 0.005339536261131736, 0.015118798490186307, 0.011671297185028025, 0.015109370257300069, 0.014389086503529373, 0.005366393087805525, 0.005146360263443043, 0.012499820219246649, 0.01944925429524135, 0.005275413870694495, 0.02006658292824841, 0.007795215639573465, 0.013392012127115988, 0.018904748051594773, 0.016284989348092777, 0.017505378201277358, 0.0068203138742553215, 0.007232625952566298]]
running time:30.2012835 seconds=0.503354725 min=0.008389245416666666 hours
step=1
ideal probability:0.25830066204071045
parameter probability:0.03236160294545698
step=2
ideal probability:0.602424144744873
parameter probability:0.0308247884058801
