initial theta:[[0.00799635742968823, 0.01642021355307787, 0.016020892862476297, 0.003419996946519748, 0.005088918930093032, 0.01447580407465128, 0.007012069699945349, 0.01821974873089753, 0.003008787126358832, 0.019317338393909707, 0.016487315958387455, 0.014282281629933747, 0.006712463846801804, 0.019087233637436928, 0.019853461437823804, 0.009954173108934263, 0.018635196264703714, 0.017438520738446223, 0.005067142506068625, 0.009811729086663794, 0.019920129170721064, 0.010021070789258074, 0.014994103176311984, 0.0015580445447613523, 0.0014205199949182145, 0.007942380158686297, 0.010157174634622457, 0.01839612417799476, 0.004989835137728395, 0.0025902532774755606, 0.00125590821986014, 0.007908853719405272, 0.010844482794811849, 0.013073514702347022, 0.007620826660695754, 0.0030415670002067884]]
optimizer:momentum
learning_rate:0.02
momentum:0.5
search space qubit number:5
target number:15
layer:1
i:0
loss:0.04332856841055466
theta:[[0.008101093309448906, 0.016391870250442413, 0.01594046395408186, 0.0034175791477807516, 0.005038106512278016, 0.014449115518008829, 0.007120183680491237, 0.018215549941040063, 0.002911121503269949, 0.019303488435784895, 0.016596575180196277, 0.014268101890606589, 0.006638447932501464, 0.019084819943261843, 0.019774723663814674, 0.00993872328584672, 0.018726982348506605, 0.017440026832515127, 0.00502947856250743, 0.009806792943086578, 0.01982362723774867, 0.010021386539531224, 0.015092616577776146, 0.0015660514806395654, 0.0013352169491106535, 0.007942404524959186, 0.01021718947861966, 0.01840838343077435, 0.0050857709043508744, 0.0025987025578481406, 0.0011790916464801504, 0.007916660533003626, 0.010940924034944599, 0.013074266292317838, 0.0076895254495061936, 0.0030377733699357566]]
i:1
loss:0.043348560358198486
i:2
loss:0.043372158426215966
i:3
loss:0.043397553416567335
i:4
loss:0.043423952711319755
i:5
loss:0.043450924663251955
i:6
loss:0.043478826664744355
i:7
loss:0.04350784298575904
