initial theta:[[0.002982408594804489, 0.0002516535481241089, 0.0141719851776764, 0.010906476900866964, 0.009210643247984231, 0.0009816175625020863, 0.0034032690208842965, 0.018793439254656093, 0.012010905672162167, 0.010125564209635722, 0.016895550523813713, 0.016914618125000665, 0.010543305565004038, 0.005355112868695848, 0.0009079813506746848, 0.010933385196727484, 0.019031766036799923, 0.01237361495050261, 0.0005744099647607914, 0.001684193196630448, 0.002645176914789269, 0.0026856448343176797, 0.0052983489478680215, 0.01756616065472338, 0.0014324049437997143, 0.0032300776716197442, 0.004452293966225544, 0.017137129436596944, 0.011988957924728833, 0.018324443194336258, 0.015145393342333991, 0.012339782164809248, 0.0039048027057676784, 0.019949616265063874, 0.010816061043790107, 0.008082411157657095]]
optimizer:momentum
learning_rate:1e-06
momentum:0.5
search space qubit number:5
target number:15
layer:1
i:0
loss:0.04329263081157228
theta:[[0.0029824123588069146, 0.00025165380047292087, 0.014171981204320418, 0.010906475861698744, 0.009210647995835961, 0.000981617818435413, 0.0034032660544732318, 0.01879343949776672, 0.01201090078760574, 0.010125564463591325, 0.016895557484745753, 0.01691461865567078, 0.010543303885073902, 0.005355113105358389, 0.0009079774535323711, 0.01093338503408081, 0.01903176986671091, 0.012373615138617356, 0.0005744090684098397, 0.0016841934933803193, 0.002645172050794052, 0.0026856450226838253, 0.005298352987168204, 0.017566160961423282, 0.0014324012023540506, 0.00323007796948005, 0.004452296930777582, 0.017137129190547315, 0.011988960894812117, 0.01832444308892608, 0.015145391306120394, 0.012339782071820375, 0.0039048057338136035, 0.01994961625682967, 0.01081606449407022, 0.008082411523348315]]
i:1
loss:0.04329263165060249
i:2
loss:0.04329263258084658
i:3
loss:0.04329263356525497
i:4
loss:0.04329263458712755
i:5
loss:0.04329263561278061
i:6
loss:0.04329263667176355
i:7
loss:0.04329263772744726
i:8
loss:0.04329263880534911
i:9
loss:0.04329263983976663
optimized theta:[[0.0029824763853404457, 0.00025165824664378995, 0.01417191365465429, 0.010906458330418239, 0.009210728682576353, 0.000981622288807875, 0.003403215618275406, 0.018793443749919595, 0.012010817712742369, 0.010125568900578058, 0.01689567574099386, 0.016914627784584423, 0.010543275277790287, 0.0053551172634590275, 0.0009079111948598724, 0.010933382211346581, 0.01903183497959754, 0.012373618425973218, 0.0005743937925792997, 0.0016841986588200595, 0.0026450893525764236, 0.0026856483199158986, 0.005298421701592205, 0.017566166313480756, 0.001432337640403314, 0.003230083158890193, 0.004452347346198026, 0.01713712509301456, 0.011989011388805988, 0.01832444141049811, 0.015145356696443377, 0.012339780621060873, 0.0039048572357947343, 0.01994961605413618, 0.010816123204293468, 0.008082417736550114]]
running time:13.0845632 seconds=0.21807605333333333 min=0.0036346008888888887 hours
step=1
ideal probability:0.25830066204071045
parameter probability:0.03321325171782519
step=2
ideal probability:0.602424144744873
parameter probability:0.03229971617474803
